% %% Data Analysis for SA and SA_job
% 	No	nJ	nM	nF	alpha	betha	STR	landa	BestObj	MeanObj	BestTWT	MeanTWT	BestTEC	MeanTEC	BestObj	MeanObj	BestTWT	MeanTWT	BestTEC	MeanTEC	SA job	SA
Results =[
1	1	50	3	3	0.3	3	10	0.3	0.932155992	0.960842294	3681.666667	4169.916667	1398.579371	1455.028316	0.994034408	0.999863315	3613.666667	4263.958333	1463.348684	1520.483532	0.030774143	0.072635185
1	2	50	3	3	0.3	3	10	0.5	0.722096061	0.757297806	320.5	462	2473.237897	2533.785504	0.769048805	0.786351243	413	502.5	2512.525135	2613.710755	0.112550193	0.155232752
1	3	50	3	3	0.3	3	10	0.7	0.412194613	0.444500041	217	289.1666667	2550.586428	2669.234102	0.438605346	0.451506761	193.1666667	259.8333333	2709.941681	2761.233452	0.094356537	0.111607042
1	4	50	3	3	0.3	3	30	0.3	1.227649573	1.272874042	3590.5	3978.125	2140.828026	2197.011144	1.232115831	1.290799195	2351.333333	3842.166667	2193.654605	2245.002368	0.124410105	0.140244526
1	5	50	3	3	0.3	3	30	0.5	0.695416687	0.730529114	271	363.25	2727.314035	2809.427321	0.680432771	0.74800711	254.5	475.375	2408.982696	2803.455585	0.115640182	0.142332005
1	6	50	3	3	0.3	3	30	0.7	0.394927112	0.415627552	101.3333333	168.6666667	2071.302656	2194.447152	0.392553371	0.424648583	98.83333333	180.6666667	2131.951789	2222.308542	0.063642542	0.086728482
2	7	50	3	3	0.3	5	10	0.3	1.09975646	1.147054127	1098.666667	1454.958333	1624.489571	1692.11956	1.15123013	1.204026975	1964	2198.791667	1617.495986	1702.152964	0.067497628	0.120518997
2	8	50	3	3	0.3	5	10	0.5	0.673174632	0.678512347	157.6666667	218.875	2206.695809	2336.814065	0.631199604	0.713535484	120.5	218.4166667	2251.096661	2468.358512	0.074956864	0.130443492
2	9	50	3	3	0.3	5	10	0.7	0.316799828	0.329190054	0	2.25	2229.875069	2350.199391	0.294458935	0.309582359	0	4.416666667	2053.989964	2195.049177	0.117948937	0.051360043
2	10	50	3	3	0.3	5	30	0.3	0.825081551	0.840226191	1466	1724.125	1249.509561	1275.573205	0.877184251	0.918787044	1788.5	2065.541667	1256.717438	1370.489473	0.018355325	0.113571189
2	11	50	3	3	0.3	5	30	0.5	0.601555333	0.643969336	188.3333333	326.0416667	2294.732008	2412.237509	0.650300578	0.669188855	271.6666667	392.125	2333.493607	2456.833743	0.070507235	0.112431091
2	12	50	3	3	0.3	5	30	0.7	0.331586137	0.366487318	0	38.29166667	2413.766775	2507.324072	0.358164902	0.38092291	0	36.45833333	2475.209531	2620.091973	0.105255249	0.148790214
3	13	50	3	3	0.5	3	10	0.3	1.093492935	1.193585292	3934.666667	5012.166667	1888.99622	2067.759669	1.197970144	1.241319514	5630.833333	6050.875	2032.221862	2090.216926	0.099949015	0.143938507
3	14	50	3	3	0.5	3	10	0.5	0.686789901	0.704299123	413.5	539.5416667	2191.174811	2337.614901	0.713395458	0.73392777	499	654.5416667	2364.581895	2391.332167	0.05581862	0.100235085
3	15	50	3	3	0.5	3	10	0.7	0.396175588	0.409942179	14.33333333	26.20833333	3866.361848	3943.830407	0.416699439	0.425660926	3	38.875	3917.214102	4036.745401	0.101279662	0.143506924
3	16	50	3	3	0.5	3	30	0.3	1.072621375	1.098307317	844.5	1268.833333	2815.634419	2890.320331	1.103690381	1.202834626	949.5	1619	3002.681695	3096.199576	0.167557989	0.278675972
3	17	50	3	3	0.5	3	30	0.5	0.691560423	0.726242684	1011.5	1142.708333	2611.579408	2733.556391	0.699203817	0.725659854	1132.166667	1221.916667	2587.482096	2704.058456	0.14808586	0.147164489
3	18	50	3	3	0.5	3	30	0.7	0.414532706	0.429662813	6.666666667	38.08333333	4161.74938	4333.250029	0.386588488	0.416020183	4.333333333	23.25	4048.840571	4307.549246	0.21791119	0.179240141
1	25	50	5	3	0.1	3	10	0.3	0.839515145	0.908408649	240.5	386.7916667	1376.958845	1493.981673	0.873327942	0.913586481	410.6333333	509.3583333	1410.015532	1465.718813	0.105548281	0.111849788
1	26	50	5	3	0.1	3	10	0.5	0.610412298	0.64168693	38	43.875	2102.329074	2202.969292	0.662508145	0.69321866	16.5	44.78333333	2272.403808	2384.591364	0.068950681	0.154794532
1	27	50	5	3	0.1	3	10	0.7	0.327984074	0.336223713	0	10.21666667	1964.601601	2026.561979	0.351706704	0.365834279	2.4	15.55	2083.814535	2190.817524	0.025122072	0.11540257
1	28	50	5	3	0.1	3	30	0.3	0.913658679	0.952547612	102.8	172.1583333	1808.83178	1855.406835	0.955673564	0.966758887	186.2	220.8416667	1818.788079	1861.503434	0.07403326	0.090057007
1	29	50	5	3	0.1	3	30	0.5	0.616817247	0.637113317	28.3	40.05	1927.707985	1977.826602	0.629663242	0.674510956	16	89.93333333	1941.428847	2035.437299	0.063971778	0.126425396
1	30	50	5	3	0.1	3	30	0.7	0.282002369	0.314677328	1.6	6.141666667	2211.855265	2438.76325	0.31765147	0.339344801	1	7.158333333	2479.903289	2625.398046	0.14940883	0.239510683
2	31	50	5	3	0.1	5	10	0.3	0.614399674	0.676471629	2.5	52.10833333	1552.704424	1652.588194	0.776486525	0.817478549	62.66666667	87.76666667	1887.46205	1967.202137	0.118578598	0.35174037
2	32	50	5	3	0.1	5	10	0.5	0.505170116	0.553172505	0	6.75	2041.82306	2226.159997	0.514573103	0.558552427	5	7.033333333	2080.535314	2246.157559	0.095022227	0.105671949
2	33	50	5	3	0.1	5	10	0.7	0.325062704	0.338645765	0	1.55	2102.631134	2179.483897	0.331792014	0.347466124	0	0	2168.266926	2270.697521	0.109396694	0.13829201
2	34	50	5	3	0.1	5	30	0.3	0.735911136	0.750719847	43.66666667	136.6166667	1832.281913	1919.668406	0.756347929	0.787738995	144.8666667	181.375	1926.731126	1994.787987	0.066591449	0.11918671
2	35	50	5	3	0.1	5	30	0.5	0.547263194	0.561505935	14.2	38.91666667	2357.90691	2434.511324	0.583881243	0.6065017	8	32.01666667	2523.007772	2657.608983	0.146031868	0.237868083
2	36	50	5	3	0.1	5	30	0.7	0.269883447	0.285636786	0	0	1878.724949	1988.387808	0.262286496	0.276921621	0	2.216666667	1807.25486	1916.483415	0.095458377	0.06203446
3	37	50	5	3	0.3	3	10	0.3	0.907090242	0.943396659	692.6	1036.266667	2123.104185	2249.154544	0.973930033	1.017480416	1432.4	1725.841667	2099.713787	2279.807252	0.086343164	0.171652331
3	38	50	5	3	0.3	3	10	0.5	0.47827074	0.491143316	0.5	56.44166667	2213.806467	2259.279007	0.495507608	0.519920206	7.5	62.03333333	2343.349172	2388.696833	0.097134805	0.161417728
3	39	50	5	3	0.3	3	10	0.7	0.31133705	0.436605756	8.333333333	91.31666667	2217.980473	2747.56089	0.3093236	0.318056926	5	9.35	2246.387306	2288.672595	0.444436081	0.052237385
3	40	50	5	3	0.3	3	30	0.3	1.588893914	1.588893914	1750.433333	1750.433333	3716.485465	3716.485465	0.868509622	0.895712574	620.3333333	762.2333333	2096.272153	2165.412119	1.064484926	0.163819114
3	41	50	5	3	0.3	3	30	0.5	0.485256196	0.511799187	57.66666667	79.83333333	2195.785744	2301.376512	0.548765117	0.559324658	71.33333333	141.9083333	2357.557307	2467.941603	0.054698922	0.152637848
3	42	50	5	3	0.3	3	30	0.7	0.29532768	0.302869857	0	1.5	2522.14346	2577.832449	0.2838759	0.305508382	0	2.333333333	2424.343517	2595.520108	0.10600768	0.115642939
1	49	100	3	3	0.3	3	10	0.3	0.808235358	0.867180413	3973.833333	4326.083333	3841.507222	4119.665334	0.820237884	0.836160792	3820.166667	4481.208333	3815.963849	3923.468831	0.110960153	0.071220367
1	50	100	3	3	0.3	3	10	0.5	0.621518626	0.631385069	1201.5	1568.166667	4806.11742	4885.640122	0.655529439	0.669528205	1762.166667	2007.791667	4969.825529	5029.635393	0.077535989	0.142631923
1	51	100	3	3	0.3	3	10	0.7	0.370303209	0.396274128	574	693.0833333	4458.771409	4768.006177	0.344623549	0.397328912	447.3333333	767.2916667	4306.35569	4706.2848	0.149875362	0.152936044
1	52	100	3	3	0.3	3	30	0.3	0.933065802	0.952027222	5979.333333	6751.5	3373.378528	3393.587149	0.948937706	0.976920193	6281.833333	7636.541667	3334.362939	3429.67811	0.05321373	0.080752458
1	53	100	3	3	0.3	3	30	0.5	0.581432154	0.593687844	866.1666667	941.3333333	4961.482988	5047.186954	0.603475167	0.62586203	1004.833333	1301.375	5091.41459	5132.305813	0.021078453	0.076414549
1	54	100	3	3	0.3	3	30	0.7	0.383159823	0.39750029	266.6666667	477.7083333	5366.608869	5522.17349	0.386338672	0.399025298	311.8333333	410.75	5543.568161	5647.476768	0.055406048	0.059455109
2	61	100	3	3	0.5	3	10	0.3	0.974656076	1.037975291	9915.166667	15520.04167	3535.775544	3735.610974	0.99791499	1.014563398	11479.16667	12443.25	3784.67503	3804.44064	0.114727358	0.089584294
